function RF_Pulse_Shape = Get_Gauss
Magnitude = [0,0.038578,0.039574001,0.040591002,0.04163,0.042691998,0.043776002,0.044883002,0.046014,0.047168002,0.048347,0.049550001,0.050778002,0.052030999,0.053309001,0.054614,0.055945002,0.057303,0.058687001,0.0601,0.06154,0.063008003,0.064505003,0.066030003,0.067584999,0.069169998,0.070785001,0.07243,0.074106,0.075814001,0.077551998,0.079323001,0.081125997,0.082961999,0.084830999,0.086732998,0.088669002,0.090639003,0.092643999,0.094682999,0.096758001,0.098867998,0.101014003,0.103197001,0.105416,0.107671998,0.109964997,0.112296,0.114665002,0.117072001,0.119516999,0.122001998,0.124525003,0.127087995,0.129691005,0.132333994,0.135016993,0.137740999,0.140505999,0.143312007,0.146158993,0.149048001,0.151978999,0.154952005,0.157967001,0.161025003,0.164125994,0.167269006,0.170456007,0.173685998,0.176960006,0.180277005,0.183638006,0.187042996,0.190492004,0.193985,0.197521999,0.201104,0.204730004,0.208400995,0.212116003,0.215875998,0.219680995,0.223529994,0.227423996,0.231362998,0.235346004,0.239373997,0.243446007,0.247563004,0.251724988,0.255930007,0.260179996,0.264474005,0.268812001,0.273193985,0.277619004,0.282088012,0.286599994,0.29115501,0.295753002,0.300392985,0.305076003,0.309801012,0.314567,0.319375008,0.324223012,0.329113007,0.334042013,0.339011997,0.344020993,0.349068999,0.354155988,0.35927999,0.364443004,0.369643003,0.374879003,0.380151004,0.385459006,0.390801996,0.396180004,0.401591003,0.407034993,0.412512004,0.418020993,0.423561007,0.429131001,0.434731007,0.44036001,0.446016997,0.451701999,0.457412988,0.463149995,0.468912005,0.474698991,0.480508,0.486339986,0.492193997,0.498068005,0.50396198,0.509873986,0.515805006,0.521752,0.527714014,0.533692002,0.539682984,0.545686007,0.551701009,0.557726979,0.563762009,0.569805026,0.57585597,0.581911981,0.587972999,0.59403801,0.600106001,0.606173992,0.612242997,0.618310988,0.624375999,0.630437016,0.636493981,0.642543972,0.648588002,0.654622018,0.660646021,0.666658998,0.672659993,0.678646028,0.684617996,0.690572023,0.696509004,0.702426016,0.708323002,0.714197993,0.720049024,0.725875974,0.731676996,0.737450004,0.743193984,0.748907983,0.754589975,0.760239005,0.765854001,0.771434009,0.776975989,0.782478988,0.787943006,0.793365002,0.798744977,0.804080009,0.809370995,0.814613998,0.81980902,0.824954987,0.830051005,0.835093021,0.840083003,0.845018029,0.849896014,0.854717016,0.859480023,0.864181995,0.868824005,0.873401999,0.877916992,0.882367015,0.886750996,0.891067028,0.895314991,0.899492979,0.903599977,0.90763402,0.911596,0.915482998,0.919294,0.923030019,0.926687002,0.930266023,0.933764994,0.937183022,0.940519989,0.943774998,0.946945012,0.950030982,0.953032017,0.955946982,0.958773971,0.961513996,0.964164972,0.966726005,0.969197989,0.971578002,0.973865986,0.976063013,0.978165984,0.980175972,0.98209101,0.983911991,0.985637009,0.987267017,0.988799989,0.990235984,0.991576016,0.992816985,0.993960977,0.995006979,0.995953023,0.996801019,0.997550011,0.998199999,0.998749018,0.999198973,0.999549985,0.999800026,0.999949992,1,0.999949992,0.999800026,0.999549985,0.999198973,0.998749018,0.998199999,0.997550011,0.996801019,0.995953023,0.995006979,0.993960977,0.992816985,0.991576016,0.990235984,0.988799989,0.987267017,0.985637009,0.983911991,0.98209101,0.980175972,0.978165984,0.976063013,0.973865986,0.971578002,0.969197989,0.966726005,0.964164972,0.961513996,0.958773971,0.955946982,0.953032017,0.950030982,0.946945012,0.943774998,0.940519989,0.937183022,0.933764994,0.930266023,0.926687002,0.923030019,0.919294,0.915482998,0.911596,0.90763402,0.903599977,0.899492979,0.895314991,0.891067028,0.886750996,0.882367015,0.877916992,0.873401999,0.868824005,0.864181995,0.859480023,0.854717016,0.849896014,0.845018029,0.840083003,0.835093021,0.830051005,0.824954987,0.81980902,0.814613998,0.809370995,0.804080009,0.798744977,0.793365002,0.787943006,0.782478988,0.776975989,0.771434009,0.765854001,0.760239005,0.754589975,0.748907983,0.743193984,0.737450004,0.731676996,0.725875974,0.720049024,0.714197993,0.708323002,0.702426016,0.696509004,0.690572023,0.684617996,0.678646028,0.672659993,0.666658998,0.660646021,0.654622018,0.648588002,0.642543972,0.636493981,0.630437016,0.624375999,0.618310988,0.612242997,0.606173992,0.600106001,0.59403801,0.587972999,0.581911981,0.57585597,0.569805026,0.563762009,0.557726979,0.551701009,0.545686007,0.539682984,0.533692002,0.527714014,0.521752,0.515805006,0.509873986,0.50396198,0.498068005,0.492193997,0.486339986,0.480508,0.474698991,0.468912005,0.463149995,0.457412988,0.451701999,0.446016997,0.44036001,0.434731007,0.429131001,0.423561007,0.418020993,0.412512004,0.407034993,0.401591003,0.396180004,0.390801996,0.385459006,0.380151004,0.374879003,0.369643003,0.364443004,0.35927999,0.354155988,0.349068999,0.344020993,0.339011997,0.334042013,0.329113007,0.324223012,0.319375008,0.314567,0.309801012,0.305076003,0.300392985,0.295753002,0.29115501,0.286599994,0.282088012,0.277619004,0.273193985,0.268812001,0.264474005,0.260179996,0.255930007,0.251724988,0.247563004,0.243446007,0.239373997,0.235346004,0.231362998,0.227423996,0.223529994,0.219680995,0.215875998,0.212116003,0.208400995,0.204730004,0.201104,0.197521999,0.193985,0.190492004,0.187042996,0.183638006,0.180277005,0.176960006,0.173685998,0.170456007,0.167269006,0.164125994,0.161025003,0.157967001,0.154952005,0.151978999,0.149048001,0.146158993,0.143312007,0.140505999,0.137740999,0.135016993,0.132333994,0.129691005,0.127087995,0.124525003,0.122001998,0.119516999,0.117072001,0.114665002,0.112296,0.109964997,0.107671998,0.105416,0.103197001,0.101014003,0.098867998,0.096758001,0.094682999,0.092643999,0.090639003,0.088669002,0.086732998,0.084830999,0.082961999,0.081125997,0.079323001,0.077551998,0.075814001,0.074106,0.07243,0.070785001,0.069169998,0.067584999,0.066030003,0.064505003,0.063008003,0.06154,0.0601,0.058687001,0.057303,0.055945002,0.054614,0.053309001,0.052030999,0.050778002,0.049550001,0.048347,0.047168002,0.046014,0.044883002,0.043776002,0.042691998,0.04163,0.040591002,0.039574001,0];
Phase = zeros(1,512);
RF_Pulse_Shape = Magnitude.*exp(1i*Phase);
end