function RF_Pulse_Shape = Get_HS4
Magnitude = [0.050000001,0.051162001,0.052345,0.053548999,0.054776002,0.056024,0.057294,0.058587998,0.059903,0.061241999,0.062604003,0.063989997,0.065398999,0.066832997,0.068290003,0.069771998,0.071278997,0.072810002,0.074367002,0.075948998,0.077556998,0.079190001,0.080849998,0.082534999,0.084247001,0.085986003,0.087751999,0.089544997,0.091365002,0.093212999,0.095087998,0.096992001,0.098922998,0.100879997,0.102870002,0.104889996,0.106930003,0.109010004,0.111110002,0.113240004,0.11541,0.117600001,0.119819999,0.12207,0.124360003,0.126670003,0.129010007,0.131380007,0.133790001,0.136219993,0.138689995,0.141179994,0.143710002,0.146270007,0.148859993,0.151480004,0.154129997,0.156810001,0.159529999,0.162269995,0.16505,0.167860001,0.170699999,0.173570007,0.176469997,0.179409996,0.182370007,0.185369998,0.1884,0.191459998,0.194549993,0.197679996,0.200829998,0.204019994,0.207230002,0.210480005,0.213760003,0.217069998,0.220410004,0.223780006,0.227180004,0.230609998,0.234080002,0.237570003,0.24109,0.244639993,0.248219997,0.251830012,0.255470008,0.259140015,0.262829989,0.266559988,0.270310014,0.274089992,0.27790001,0.281729996,0.285589993,0.289480001,0.293390006,0.297329992,0.301299989,0.305290014,0.309309989,0.313349992,0.317409992,0.321500003,0.325610012,0.329739988,0.333900005,0.338079989,0.34228,0.346500009,0.350739986,0.354999989,0.35927999,0.363579988,0.367900014,0.372240007,0.376590014,0.380959988,0.385349989,0.389759988,0.39418,0.398609996,0.403059989,0.407519996,0.412,0.416489989,0.42098999,0.425500005,0.430029988,0.434560001,0.439099997,0.443659991,0.448220015,0.452789992,0.457359999,0.461939991,0.466529995,0.47112,0.475719988,0.480320007,0.484930009,0.489529997,0.494139999,0.498750001,0.503359973,0.507969975,0.512579978,0.51718998,0.521799982,0.52640003,0.531000018,0.535600007,0.540189981,0.544780016,0.549359977,0.553929985,0.558489978,0.563049972,0.567600012,0.572139978,0.576669991,0.58118999,0.585699975,0.590189993,0.594680011,0.599150002,0.603609979,0.608049989,0.612479985,0.616890013,0.621280015,0.625660002,0.630029976,0.634370029,0.638700008,0.64301002,0.647289991,0.651560009,0.655809999,0.660040021,0.664240003,0.668429971,0.672590017,0.676729977,0.680840015,0.684930027,0.68900001,0.693040013,0.697059989,0.701049984,0.70502001,0.708959997,0.712870002,0.71675998,0.720619977,0.724449992,0.728250027,0.732029974,0.735780001,0.739489973,0.743179977,0.74684,0.750469983,0.754069984,0.757640004,0.761179984,0.764689982,0.768169999,0.771610022,0.775030017,0.778419971,0.781769991,0.785090029,0.788380027,0.791639984,0.794860005,0.79806,0.80122,0.804350019,0.807449996,0.81050998,0.813539982,0.816540003,0.819509983,0.822449982,0.825349987,0.82822001,0.831059992,0.833869994,0.83664,0.839380026,0.842090011,0.844760001,0.847410023,0.850019991,0.852599978,0.855149984,0.857670009,0.86014998,0.862600029,0.865029991,0.867420018,0.869780004,0.872099996,0.87440002,0.876670003,0.878899992,0.881110013,0.883279979,0.885429978,0.887539983,0.88963002,0.891690016,0.893710017,0.895709991,0.897679985,0.899619997,0.901530027,0.903410017,0.90526998,0.907100022,0.908900023,0.910669982,0.912410021,0.914129972,0.915820003,0.917490005,0.919130027,0.920740008,0.922330022,0.923889995,0.92543,0.926940024,0.928420007,0.929889977,0.931330025,0.932739973,0.934130013,0.935500026,0.936839998,0.938170016,0.93945998,0.940739989,0.941999972,0.943229973,0.944440007,0.945630014,0.946799994,0.947950006,0.94907999,0.950179994,0.951269984,0.952340007,0.953390002,0.954419971,0.955429971,0.956420004,0.95739001,0.958350003,0.959280014,0.960200012,0.961109996,0.961989999,0.962859988,0.96371001,0.964540005,0.965359986,0.966170013,0.966949999,0.967719972,0.968479991,0.969219983,0.96995002,0.970659971,0.971360028,0.972039998,0.972710013,0.973360002,0.974009991,0.974640012,0.975250006,0.97586,0.976450026,0.977020025,0.977590024,0.97815001,0.978690028,0.979219973,0.979740024,0.980250001,0.980740011,0.981230021,0.981710017,0.982169986,0.982630014,0.983070016,0.983510017,0.983940005,0.984350026,0.984759986,0.985159993,0.985549986,0.985930026,0.986299992,0.986660004,0.987020016,0.987360001,0.987699986,0.988030016,0.988359988,0.988669991,0.988979995,0.989279985,0.989570022,0.989859998,0.990140021,0.99040997,0.990679979,0.990939975,0.991190016,0.991439998,0.991680026,0.991919994,0.992150009,0.992370009,0.99259001,0.992799997,0.993009984,0.993210018,0.993409991,0.993600011,0.993789971,0.993969977,0.994149983,0.994329989,0.994490027,0.99466002,0.994819999,0.994979978,0.995130002,0.995270014,0.995419979,0.99555999,0.995700002,0.995829999,0.995959997,0.996079981,0.996209979,0.996320009,0.996439993,0.996550024,0.996659994,0.996770024,0.996869981,0.996969998,0.997070014,0.997160017,0.997259974,0.997349977,0.997430027,0.99752003,0.997600019,0.997680008,0.997759998,0.997829974,0.997900009,0.997979999,0.99804002,0.998109996,0.998179972,0.998239994,0.998300016,0.998359978,0.998409986,0.998470008,0.998520017,0.998579979,0.998629987,0.998679996,0.99871999,0.998769999,0.998809993,0.998860002,0.998899996,0.998939991,0.998979986,0.999010026,0.999050021,0.999090016,0.999119997,0.999149978,0.999189973,0.999220014,0.999249995,0.999279976,0.999300003,0.999329984,0.999360025,0.999379992,0.999409974,0.999430001,0.999450028,0.999469995,0.999499977,0.999520004,0.999530017,0.999549985,0.999570012,0.99958998,0.999610007,0.99962002,0.999639988,0.999650002,0.999670029,0.999679983,0.99970001,0.999710023,0.999719977,0.999729991,0.999750018,0.999759972,0.999769986,0.999779999,0.999790013,0.999800026,0.99980998,0.99980998,0.999819994,0.999830008,0.999840021,0.999849975,0.999849975,0.999859989,0.999870002,0.999870002,0.999880016,0.999890029,0.999890029,0.999899983,0.999899983,0.999909997,0.999909997,0.999920011,0.999920011,0.999920011,0.999930024,0.999930024,0.999930024,0.999939978,0.999939978,0.999939978,0.999949992,0.999949992,0.999949992,0.999960005,0.999960005,0.999960005,0.999960005,0.999960005,0.999970019,0.999970019,0.999970019,0.999970019,0.999970019,0.999970019,0.999979973,0.999979973,0.999979973,0.999979973,0.999979973,0.999979973,0.999979973,0.999979973,0.999989986,0.999989986,0.999989986,0.999989986,0.999989986,0.999989986,0.999989986,0.999989986,0.999989986,0.999989986,0.999989986,0.999989986,0.999989986,0.999989986,0.999989986,0.999989986,1,1,1,1,1,1,1,1,1,1,1,1,1,1,1,1,1,1,1,1,1,1,1,1,1,1,1,1,1,1,1,1,1,1,1,1,1,1,1,1,1,1,1,1,1,1,1,1,1,1,1,1,1,1,1,1,1,1,1,1,1,1,1,1,1,1,1,1,1,1,1,1,1,1,1,1,1,1,1,1,1,1,1,1,1,1,1,1,1,1,1,1,1,1,1,1,1,1,1,1,1,1,1,1,1,1,1,1,1,1,1,1,1,1,1,1,1,1,1,1,1,1,1,1,1,1,1,1,1,1,1,1,1,1,1,1,1,1,1,1,1,1,1,1,1,1,1,1,1,1,1,1,1,1,1,1,1,1,1,1,1,1,1,1,1,1,1,1,1,1,1,1,1,1,1,1,1,1,1,1,1,1,1,1,1,1,1,1,1,1,1,1,1,1,1,1,1,1,1,1,1,1,1,1,1,1,1,1,1,1,1,1,1,1,1,1,1,1,1,0.999989986,0.999989986,0.999989986,0.999989986,0.999989986,0.999989986,0.999989986,0.999989986,0.999989986,0.999989986,0.999989986,0.999989986,0.999989986,0.999989986,0.999989986,0.999989986,0.999979973,0.999979973,0.999979973,0.999979973,0.999979973,0.999979973,0.999979973,0.999979973,0.999970019,0.999970019,0.999970019,0.999970019,0.999970019,0.999970019,0.999960005,0.999960005,0.999960005,0.999960005,0.999960005,0.999949992,0.999949992,0.999949992,0.999939978,0.999939978,0.999939978,0.999930024,0.999930024,0.999930024,0.999920011,0.999920011,0.999920011,0.999909997,0.999909997,0.999899983,0.999899983,0.999890029,0.999890029,0.999880016,0.999870002,0.999870002,0.999859989,0.999849975,0.999849975,0.999840021,0.999830008,0.999819994,0.99980998,0.99980998,0.999800026,0.999790013,0.999779999,0.999769986,0.999759972,0.999750018,0.999729991,0.999719977,0.999710023,0.99970001,0.999679983,0.999670029,0.999650002,0.999639988,0.99962002,0.999610007,0.99958998,0.999570012,0.999549985,0.999530017,0.999520004,0.999499977,0.999469995,0.999450028,0.999430001,0.999409974,0.999379992,0.999360025,0.999329984,0.999300003,0.999279976,0.999249995,0.999220014,0.999189973,0.999149978,0.999119997,0.999090016,0.999050021,0.999010026,0.998979986,