    function cmap = sixcolourmap
       cmap(1,:) = [57 106 177]./255;
        cmap(2,:) = [204 37 41]./255;
        cmap(3,:) = [83 81 84]./255;
        cmap(4,:) = [62 150 81]./255;
        cmap(5,:) = [146 36 40]./255;
        cmap(6,:) = [107 76 154]./255; 
    end
